	Observed	Chao1	se.chao1	ACE	se.ACE	Shannon	Simpson	InvSimpson	Fisher	Diet	sampleID
mouse01	396	460.5	18.1243120416387	470.442336483697	10.9176491264696	3.66754435344862	0.94962174321267	19.849833316414	59.7671813971865	1.HFD	m01
mouse02	387	509.34693877551	31.1592079672764	504.094783353695	11.7016095850096	3.50583870797893	0.939513795494811	16.5326954828884	58.1315083472051	1.HFD	m02
mouse03	418	511.396226415094	24.6435843642362	504.96705651057	11.2366394401273	3.6747300546117	0.950333847153171	20.1344364860311	63.0263283661709	1.HFD	m03
mouse04	360	457.631578947368	25.0007677970382	485.463496595738	11.7941000533728	3.27688163632136	0.917307654506226	12.0930177276843	54.5305480166004	1.HFD	m04
mouse05	407	481.166666666667	20.527172534125	488.986850756082	11.2121897859067	3.50211295967999	0.932632926999306	14.8440470315476	59.0436069263471	1.HFD	m05
mouse06	366	430.196721311475	17.8319059118725	445.378105690553	10.6500810241969	3.57852503768139	0.939540866788642	16.5400981933385	56.7727640887046	1.HFD	m06
mouse07	369	429.06	17.8366768849374	429.691554315908	10.1749507548753	3.41009465230101	0.929440483505503	14.1724327161168	52.8043207315884	1.HFD	m07
mouse08	425	518.020833333333	25.2534099134484	498.384446921334	10.8967559720914	3.53635746114224	0.936012579836086	15.6280718528477	62.7148634074678	1.HFD	m08
mouse09	427	495.357142857143	19.1087362401122	495.497887834545	10.9419406408209	3.49527452574747	0.932507012134462	14.8163539891319	62.2949887425648	1.HFD	m09
mouse10	404	503.491228070175	25.3697647838291	510.013696501841	11.4994410216917	3.4132737102115	0.935976745936875	15.6193248005486	59.2708944520737	1.HFD	m10
mouse11	448	530.685185185185	22.3131190810089	524.739561025902	11.343058250295	3.71775414707641	0.94646284298656	18.6786160450948	66.0531504057653	1.HFD	m11
mouse12	347	452.31914893617	28.0081095576487	449.945018227058	10.764787789878	3.61472628491589	0.94363022716104	17.7400040773066	54.0940571844676	1.HFD	m12
mouse13	361	480.386363636364	31.5418063901023	470.874406073654	11.1510205027709	3.49686684556097	0.933152367724566	14.959392965179	54.8849496220659	2.XN	m13
mouse14	336	439.466666666667	27.9663920803108	445.123821240404	11.0730531233916	3.48513431177942	0.939821456440878	16.6172183781342	48.6187411000704	2.XN	m14
mouse15	355	427.857142857143	20.7783966620817	433.953588361468	10.4387520236326	3.54995170708232	0.936793391523972	15.8211304816214	53.3987074516347	2.XN	m15
mouse16	325	398.357142857143	21.7804425521209	401.894306181066	10.1034587837274	3.62508009174169	0.944561966439495	18.0381578453462	49.0509731939047	2.XN	m16
mouse17	370	469.878048780488	27.9392107588328	465.175989421976	11.0207100516529	3.40890588482542	0.920659595439477	12.6039185902709	52.4035063975098	2.XN	m17
mouse18	322	391.72	19.9811929437733	409.870586370745	10.3731869945538	3.30907154739938	0.910456702957599	11.1677817662496	48.7856805706162	2.XN	m18
mouse19	353	470.857142857143	31.6529482563162	457.786385672255	10.9582815596837	3.50310265341247	0.930627163985971	14.414864051367	53.1248448633402	2.XN	m19
mouse20	354	435.06976744186	23.3899513968606	427.667173732706	10.3284880748206	3.09235380703335	0.891592358776534	9.22444201086016	49.888411982154	2.XN	m20
mouse21	376	437.666666666667	18.7042413227278	435.734611797459	10.371965785702	3.34716436464206	0.898614912310226	9.86338348949186	54.143229408447	2.XN	m21
mouse22	328	384.269230769231	16.8115800459466	400.692530065986	10.1619293873932	3.3336461061005	0.912101864336856	11.3768055767684	46.9845537406146	2.XN	m22
mouse23	406	466	17.4766017950595	468.060955570342	10.6460032837054	3.4738683423557	0.924999286927205	13.3332065660416	59.6742826702684	2.XN	m23
mouse24	236	322.888888888889	28.2879876451816	328.405953374746	9.7941204548987	2.69774877060734	0.804747736154535	5.12157954179452	35.2115323403303	2.XN	m24
mouse25	318	376.65	18.5697214976966	373.316507970952	9.53575270038217	3.70613472250565	0.957372157043714	23.4588459243757	47.4262019614629	3.DXN	m25
mouse26	212	285.028571428571	22.8362073932322	313.937250673854	9.90478749823123	2.37465154752739	0.733301359214828	3.74955041786474	29.9343772316256	3.DXN	m26
mouse27	273	332.947368421053	19.1460509453825	325.915763510886	8.68167293825985	3.35388995728392	0.939485822325733	16.5250531104093	40.311326833484	3.DXN	m27
mouse28	222	287.085714285714	20.869857341213	301.188697788698	9.1267052113772	2.31348350010546	0.73784610265557	3.81455324574539	30.5424080288115	3.DXN	m28
mouse29	234	322.666666666667	27.0819594232435	331.579254772592	10.02430364036	2.35233465325864	0.719164679519894	3.56080566465228	32.2825024033633	3.DXN	m29
mouse30	263	340.903225806452	24.8829201329261	331.141268785329	9.13525876399176	3.73443907798299	0.963765883229981	27.5982993140717	40.4708996527193	3.DXN	m30
mouse31	295	353.410256410256	18.6368041365471	354.575583516235	9.44548938926739	3.28744647004144	0.928887820468943	14.0622887189566	43.387992715806	3.DXN	m31
mouse32	250	331.02380952381	23.5336224668857	358.991767194472	10.4681974143244	2.5494884004921	0.783778447889525	4.62488586470355	33.9975051855261	3.DXN	m32
mouse33	325	416.736842105263	26.7007768738686	403.4056073328	10.1018382035052	3.70894134693072	0.961359785190835	25.8797733123057	46.6325613127211	3.DXN	m33
mouse34	240	286.243243243243	15.8098511862434	290.921004921279	8.58693778022909	3.12822784122062	0.922577937028603	12.9162148568612	34.1632795351803	3.DXN	m34
mouse35	312	377.282608695652	19.4243543991754	378.693263776464	9.56810124734912	3.4785113575678	0.946203628248132	18.5886142026907	45.388685560544	3.DXN	m35
mouse36	297	382.263157894737	25.199504511262	377.776311580368	9.84889783393682	3.46300977207536	0.924821044032924	13.301594670162	46.7895196161734	3.DXN	m36
mouse37	238	332.527777777778	27.7793559532439	342.326847825749	9.98047783996909	2.42698339529293	0.746209349873192	3.94025548025644	34.2347650803937	4.TXN	m37
mouse38	295	380.024390243902	24.6053734299771	382.704023257262	10.1239515608309	3.66897982295514	0.954817083093587	22.1322585717802	46.040828661225	4.TXN	m38
mouse39	267	354.129032258065	27.2040510513753	342.366089511754	9.30472138425998	3.37509786010606	0.933980073413108	15.1469420173294	40.326573835752	4.TXN	m39
mouse40	256	323	21.7015079026551	312.863988339251	8.60501138816192	3.41518003396806	0.944293489298158	17.951223068921	38.1441967968692	4.TXN	m40
mouse41	288	341.926829268293	17.3023556927626	341.315851403151	9.00533720024449	3.5440197447148	0.948788868377224	19.5270045459268	43.1317549225522	4.TXN	m41
mouse42	228	335.25	33.1792612407998	327.882162518923	9.59353715674299	3.11750830965598	0.914145270059901	11.647581917708	34.2462977966274	4.TXN	m42
mouse43	277	354.294117647059	24.077733499345	352.914287011966	9.47337053507023	3.61893597232799	0.958772370509653	24.2555784157838	40.8170368795218	4.TXN	m43
mouse44	265	350.153846153846	24.9876076413263	368.243060378488	10.3417550582707	2.64021325340415	0.791413038710339	4.79416351730306	36.8223048611233	4.TXN	m44
mouse45	249	294.026315789474	15.3879768593213	299.816974013886	8.53019532546123	3.4949680701668	0.953891254751682	21.6878597457927	36.418815259058	4.TXN	m45
mouse46	238	288.323529411765	17.2413097247776	288.348747290364	8.42398875274357	2.52292575176409	0.76785236280996	4.30760360994493	33.5777572975882	4.TXN	m46
mouse47	197	258	20.5217504420423	275.275190698819	9.15341432964299	2.4866960562172	0.74846264860054	3.97555271388671	30.1540349264579	4.TXN	m47
