	mouseID	sampleID	Diet	Gender	PL_leptin	PL_insulin	PL_glucose	PL_TAG	PL_CHL	liver_weight	weight	Feed_eff	weight_gain	HDCA	CA	TCA	TCA_isomer	DCA	UDCA	TDCA	TDCA-isomer	TCDCA	TUDCA	alpha_MCA	beta_MCA	T_alpha_MCA	T_beta_MCA	T_omega_MCA	TQ	liver_ref_ct	liver_fxr_ct	liver_srebp1c_ct	liver_nqo1_ct	liver_scd1_ct	liver_cyp7a1_ct	liver_shp_ct	liver_tnfa_ct	liver_il1b	wat_ref_ct	wat_il1b_ct	wat_il6_ct	wat_cox2_ct	wat_tnfa_ct	colon_ref_ct	colon_occludin_ct	colon_il22_ct	colon_jam3_ct	colon_zo1_ct	colon_cox2_ct	colon_il6_ct	colon_claudin2_ct
mouse01	01.HFD	m01	1.HFD-CON	M	14.63	2.92	201.39	87.18	208.53	1.5	20.6	10.4	21.9	378.26	1572.82	6736.92	377.91	1595.54	52.81	734.37	1984.94	1527.44	3450.8	112.45	1471.41	1320.45	27128.13	484.38	0.19352685	30.16	28.9	28.64	32.77	27.55	30.74	31.32	33.15	31.34	26.21	32.08	32.31	31.04	32.32	25.65	27.89	24.81	30.19	29.09	30.08	33.37	35.16
mouse02	02.HFD	m02	1.HFD-CON	M	9	0.9	145.93	112.76	190.6	1.4	21.6	13.05	21	124.37	106.25	357.66	117.67	688.22	9.26	111.03	94.09	114.74	295.5	71.02	816.5	524.84	6844.43	956.58	0.286952783	29.35	29.83	30.76	33.39	27.89	30.85	32.22	33.53	31.58	25.7	32.37	32.93	31.13	31.75	26.3	29.3	24.97	30.97	29.41	30.99	32.94	35.93
mouse03	03.HFD	m03	1.HFD-CON	M	7.76	0.74	148.58	138.45	164.9	1.1	11.3	22.69	10.9	190.97	195.94	410.2	76.73	939.58	17.02	123.81	106.6	80.41	396.5	61.8	742.52	378.19	5822.16	307.62	0.470470483	31.54	30.42	29.91	35.15	29.71	33.32	31.13	34.86	32.9	25.58	32.75	33.64	30.34	33.24	27.27	31.53	24.93	32.67	30.07	33.26	34.76	36.28
mouse04	04.HFD	m04	1.HFD-CON	M	12.57	4.24	170.35	66.45	208.55	1.6	19.9	10.95	20.9	243.47	434.08	750.24	230.93	1028.7	13.99	114.2	223.31	179.71	812.07	99.81	837.06	794.32	9788.26	410.15	0.4237571	29.36	30.3	30.14	33.8	27.93	31.77	34.55	33.1	32.28	24.87	31.3	31.62	32.06	30.16	26.91	30.94	24.12	32.24	29.75	32.88	35.88	37.73
mouse05	05.HFD	m05	1.HFD-CON	M	10.82	2.13	160.39	77.39	176.67	1.1	16.3	12.3	17.2	143.03	406.24	846.41	65.52	845.76	9.54	114.94	103.9	126.02	401.29	46.38	397.68	220.51	3169.47	370.72	0.340340317	30.78	29.99	29.91	33.8	29.54	30.9	34.78	35.53	32.27	25.47	32.37	31.29	33.71	32.15	26.37	30.44	24.38	31.84	29.32	32.66	37.48	36.76
mouse06	06.HFD	m06	1.HFD-CON	M	11.94	3.95	99.39	114.76	94.77	1	16.1	14.05	16.4	385.47	199.1	1347.49	175.1	1320.22	15.77	364.36	226.41	270.64	1294.87	140.5	1167.12	216.87	9679.34	318.76	0.537203867	30.71	29.7	29.38	33.27	28.4	29.88	32.84	34.26	31.87	25.5	33.54	32.4	31.41	32.59	26.58	30.42	25.21	31.59	29.35	32.08	34.26	36.52
mouse07	07.HFD	m07	1.HFD-CON	M	12.85	9.85	161.67	81.6	206.03	1.3	23.1	9.54	24.3	52.8	442.85	2450.24	320.48	353.71	45.11	164.88	851.86	793.98	393.1	174.81	1621.55	1525.11	20318.89	2304.89	0.230229517	30.76	29.81	29.69	35.49	28.94	31.33	35.9	35.95	35.17	25.63	31.87	30.2	33.58	30.99	27.39	31.07	25.18	32.07	29.62	32.54	35	36.65
mouse08	08.HFD	m08	1.HFD-CON	M	5.66	0.46	125.35	81.26	143.65	0.9	8.9	17.96	10.8	117.49	1809.37	491.1	134.77	1104.54	33.22	907.44	386.88	330.05	5125.03	125.78	793.44	256.69	11736.23	420.8	0.23690355	29.87	29.41	28.59	34.08	27.82	30.66	31.51	34.94	34.31	25.62	33.48	32.39	31.35	33.43	27.09	32.03	25.58	33.95	30.53	35.02	na	37.14
mouse09	09.HFD	m09	1.HFD-CON	M	14.89	1.13	195.11	78.66	182.59	1	17.4	12.38	18.6	66.08	182.32	77.64	169.39	530.42	20.13	46.09	196.61	164.23	351.82	126.19	815.94	803.27	10778.99	331.56	0.276943617	29.71	29.89	29.6	34.41	29.61	30.66	33.72	34.44	33.79	25.87	33.69	33.77	31.17	32.88	28.1	30.98	25	31.34	29.47	32.97	na	36.71
mouse10	10.HFD	m10	1.HFD-CON	M	9.78	1.2	147.92	79.74	162.88	0.9	13.4	15.03	13.7	45.07	571.35	1244.01	188.3	501.76	25.32	245.75	496.72	233.75	564.1	130.1	1400.65	1502.11	17873.65	1411.62	0.260260267	29.43	29.13	28.67	32.76	27.6	29.35	32.16	33.53	31.6	26.17	32.13	32.61	33.22	32.28	26.29	29.13	24.85	30.68	29.48	30.83	32.9	35.65
mouse11	11.HFD	m11	1.HFD-CON	M	17.33	3.75	194.11	73.02	177.84	1.3	17.5	13.12	18.1	141.42	219.99	795.7	108.79	1128.02	9.24	56.79	116.89	206.2	283.78	93.53	932.01	595.46	5139.97	833.01	0.286953617	31.36	30.41	28.53	34.1	28.84	31.25	34.23	35.15	33.93	26.01	32.98	33.29	31.58	32.41	28.21	34.35	24.85	34.71	32.08	36.17	na	na
mouse12	12.HFD	m12	1.HFD-CON	M	9.97	1.17	148.32	58.77	169.16	0.9	13.3	14.25	13.75	55.91	298.02	833.78	202.1	664.27	9.76	147.85	186.3	271.22	314.69	98.73	981.7	836.43	8943.7	2100.53	0.343677017	31.39	30.5	31.13	35.52	30.54	31.11	34.08	36.27	35.09	26.38	34.56	33.6	34.38	33.06	28.92	33.52	25.54	35.23	32.18	37.25	35.07	37.48
mouse13	13.XN	m13	2.HFD-XN	M	10.65	0.34	193.13	93.57	172.63	0.9	13	14.14	13.5	135.22	64.36	746.81	88.36	826.27	18.77	108.46	242.52	394.93	542.9	79.99	999.25	467.81	9046.71	334.52	0.400400367	30.83	30.65	29.5	35.16	29.05	32.09	31.68	35.3	32.55	26.05	31.67	31.84	32.94	32.83	27.65	30.71	26.11	31.88	30.09	32.63	34.13	37.07
mouse14	14.XN	m14	2.HFD-XN	M	6.63	0.4	163.22	82.19	169.97	0.8	12	15.87	12.2	192.62	340.64	777.32	155.18	1111.9	10.68	259.46	254.64	1383.65	414.52	115.82	1268.22	893.61	12539.14	2281.93	0.3870537	31.16	30.8	29.41	35.46	28.34	31.96	31.99	34.42	33.08	25.71	32.76	33.27	30.97	33.49	28.26	32.72	25.3	33.28	30.89	35.37	37.31	na
mouse15	15.XN	m15	2.HFD-XN	M	5.79	1.16	145.07	110.79	169.33	0.9	17.2	13.77	17.1	222.59	373.43	926.35	165.12	1618.15	11.08	119.8	164.11	158.22	1232.69	92.41	1247.16	702.44	10611.92	779.07	0.357023683	30.72	31	30.05	38.33	29.33	32.86	32.72	36.46	33.78	25.14	32.17	31.77	32.66	31.3	26.54	29.32	24.82	31.34	28.97	32.37	34.03	36.87
mouse16	16.XN	m16	2.HFD-XN	M	9.47	1.34	176.15	88.07	176.29	1.1	15	13.24	15.7	301.72	409.7	973.62	84.11	1636.09	18.98	304.18	162.13	915.68	460.31	42.79	502.52	464.12	4700.87	385.1	0.4104104	29.83	31.56	31.29	37.37	28.92	33.04	34.89	34.88	34.44	25.26	32.98	32.9	31.61	31.32	25.83	28.38	26.17	30.54	28.35	31.34	33.02	35.78
mouse17	17.XN	m17	2.HFD-XN	M	8.73	0.52	160.75	84.63	196.9	2	13	16.84	12.9	316.52	466.94	914.28	63.29	1358.78	12.15	138.83	150.32	229.34	660.68	46.9	779.91	275.57	4734.5	1318.09	0.4104104	30.81	29.76	29.2	33.4	29.23	29.87	32.79	33.49	30.91	25.16	31.37	31.97	32.62	32.21	27.44	31.52	26.02	32.23	30.01	31.77	37.44	35.87
mouse18	18.XN	m18	2.HFD-XN	M	11.68	4.78	160.18	65.53	209.74	1	21.3	10.26	22.8	171.54	304.01	735.92	98.16	787.95	16.51	225	180.96	560.27	369.04	88.06	669.11	759.57	4904.63	817.94	0.457123817	30.17	30.83	30.19	33.95	28.15	31.8	34.63	34.27	33.2	25.74	31.6	31.42	30.55	31.16	27.69	32.28	25.05	33.92	30.94	34.23	na	na
mouse19	19.XN	m19	2.HFD-XN	M	8.07	2.6	169.87	75.01	160.89	1.4	11.5	14.38	12.5	18.24	358.1	340.49	155.92	198.05	4.74	150.36	87.61	1009	325.22	111.61	769.12	647.47	4499.21	1836.06	0.413747083	30.55	29.11	28.31	32.7	27.7	29.55	30.49	33.97	32.19	26.22	32.96	33.34	31.17	32.93	26.03	28.62	23.88	30.79	29.29	30.51	34.41	37.24
mouse20	20.XN	m20	2.HFD-XN	M	14.17	6.29	189.47	78.71	239.2	1.2	19.3	14.78	20.4	3.28	343.96	444.42	94.81	41.4	8.28	489.6	66.57	545.97	519.71	115.61	652.68	448.43	2329.48	497.96	0.316983667	30.04	29.74	29.26	32.7	27.22	30.21	31.7	34.81	33.41	25.79	33.07	32.48	31.2	31.34	25.16	28.19	24.55	30.4	28.8	29.75	33.26	34.3
mouse21	21.XN	m21	2.HFD-XN	M	15.41	2.63	195.06	87.69	222.55	1.2	19.2	10.56	20.8	10.74	190.02	521.52	189.38	166.36	15.1	214.25	246.36	597.56	467.98	119.34	1670.16	204.57	10726.45	1069.39	0.29362695	31.39	30.14	29.71	33.23	27.84	30.42	32.89	34	32.51	25.67	33.02	33.8	31.04	32.23	25.54	28.53	24.44	29.85	28.84	29.09	32.43	35.71
mouse22	22.XN	m22	2.HFD-XN	M	14.09	2.45	181.37	71.32	233.25	0.8	19.5	11.28	19.9	2	81.79	2082.56	363.77	32.19	4.03	899.54	331.52	2859.38	861.85	101.74	631.18	929.03	15729.22	519.65	0.4471138	31.07	29.78	28.81	32.92	29.28	29.88	32.23	33.88	32.06	25.74	32.14	31.12	33.13	31.9	25.53	28.55	24.69	30.07	28.58	28.93	32.41	35.82
mouse23	23.XN	m23	2.HFD-XN	M	6.01	1.81	95.24	76.87	179.71	1.5	10	17.17	10.5	2.99	544.24	458.72	159.78	57.44	19.53	98.82	186.65	861.13	267.99	114.53	1187.22	854.9	7254.3	2601.7	0.377043683	30.15	28.54	28.29	32.23	27.4	28.98	30.58	35.17	32.95	24.78	34.13	35.13	30.79	34.45	24.6	27.89	23.99	29.37	28.88	30.07	31.79	34.81
mouse24	24.XN	m24	2.HFD-XN	M	16.39	7.01	200.01	53.66	224.41	0.9	22.3	9.48	24.2	6.58	110.51	3905.21	250.54	36.63	8.94	178.76	362.06	773.1	272.07	77.61	530.13	806.19	10279.31	953.08	0.437103767	30.31	30.06	28.91	32.78	27.44	31.32	33.25	34.13	33.15	26.01	32.72	32.22	33.05	31.79	25.82	29.28	24.24	30.5	29.42	31.16	35.43	37.2
mouse25	25.DXN	m25	3.HFD-DXN	M	6.96	0.54	153.92	109.69	194.6	0.9	11.4	16.37	12	177.89	519.4	3588.82	312.11	937.32	3.83	61.26	173.62	736.66	299.93	45.11	684.72	1770.92	22405.21	1053.49	0.303636967	30.77	29.93	28.88	34.44	27.59	30.76	31.1	35.56	33.38	25.24	32.1	33.55	29.79	33.46	26.3	29.09	25.25	31.41	29.33	31.1	34.19	35.54
mouse26	26.DXN	m26	3.HFD-DXN	M	14.53	2.32	163.56	110.56	200.3	1.3	19	11.67	20.1	460.17	874.34	3596.24	269.32	2425.69	1.16	210.51	44.25	594.33	2507.24	33.64	451.1	1050.62	17179.95	486	0.306973633	29.98	30.03	29.33	33.79	27.35	32.35	31.07	34.99	34.38	25.06	31.83	31.86	31.54	30.97	26.27	30.02	24.41	31.61	29.45	30.37	35.2	37.03
mouse27	27.DXN	m27	3.HFD-DXN	M	10.57	7.58	235.65	87.32	204.53	1.5	21.2	11.02	20.4	181.62	421.63	2327.04	187.07	950.73	3.27	98.18	101.32	443.31	315.17	53.94	556.85	946.15	9949.86	1365.71	0.2902903	29.52	29.86	28.9	33.29	26.43	31.87	31.77	35.45	34.1	25.89	32.17	32.13	31.26	31.96	26.64	30.74	24.63	31.5	29.49	31.36	34.5	39.97
mouse28	28.DXN	m28	3.HFD-DXN	M	10.63	1.75	137.45	87.46	163.07	1.2	19.2	13.42	19.9	161.92	766.29	322.91	103.73	1140.11	8.5	301.61	103.59	40.34	581.01	85.17	502.59	744.42	8605.7	1031.41	0.363697033	30.63	29.91	28.87	33.96	28.61	32.25	31.54	34.14	33.69	25.95	31.75	32.8	31.49	32.05	25.42	28.19	24.58	30.41	28.68	30.98	34.23	34.55
mouse29	29.DXN	m29	3.HFD-DXN	M	13.39	2.18	218.2	95.12	193.55	1.3	17.6	12.06	17.6	102.94	113.43	10088.11	316.8	566.52	13.67	72.69	866.05	1408.99	219.97	64.85	960.07	1131.39	25953.23	787.89	0.280280283	30.47	29.32	28.83	32.41	25.86	29.56	32.21	33.68	31.99	25.29	31.21	31.84	32.49	31.11	25.46	29.09	24.34	31.07	28.99	31.71	32.31	35.88
mouse30	30.DXN	m30	3.HFD-DXN	M	8.94	1.22	143.37	82.56	168.14	1.2	21.6	11.47	22.2	349.02	408.7	13912.75	246.24	1539.52	1.72	166.46	100.95	83.9	623.19	6.87	248.77	546.63	29202.24	2211.81	0.390390383	30.55	29.29	28.71	32.58	27.25	30.25	30.18	34.06	32.54	26.58	32.47	32.7	33.11	33.07	25.87	29.35	24.75	30.54	29.36	30.13	31.82	36.45
mouse31	31.DXN	m31	3.HFD-DXN	M	3.23	0.18	92.83	95.98	122.47	0.9	8.3	19.68	9.7	35.49	83.79	2502.75	120.05	349.37	1	228.96	77.12	102.38	228.26	34.08	450.49	492.59	13683.28	370.03	0.350350367	30.49	29.05	28.11	33.4	30.01	29.03	31.4	35.07	34.32	26.03	33.85	35.12	31.24	34.61	24.59	27.08	24.53	28.83	28.42	29.24	32.12	33.2
mouse32	32.DXN	m32	3.HFD-DXN	M	7.88	0.25	130.49	61.35	173.53	0.9	10.5	18.26	10.8	10.41	177.66	8792.14	334.61	187.47	0.99	129.38	105.02	201.56	109.18	14.31	194.58	1319.88	24581.39	1190.55	0.550550533	30.73	29.05	28.32	32.26	28.46	29.7	29.6	33.95	32.84	26.51	34.07	33.6	34.96	33.36	24.18	26.7	24.27	28.51	27.93	29.66	31.54	34.17
mouse33	33.DXN	m33	3.HFD-DXN	M	3.67	0.17	115.65	72.39	148.83	1	8.8	23.23	10.25	12.94	249.08	2834.79	77.53	163.22	5.79	378.35	155.04	284.03	480.54	69.37	1060.94	1214.31	16056.52	1148.09	0.323657	29.92	29.27	25.79	33.54	28.83	29.32	32.78	33.88	32.33	27.43	32.41	34.1	34.28	34.61	25.53	27.93	25.86	29.36	29.24	29.94	32.77	36.2
mouse34	34.DXN	m34	3.HFD-DXN	M	5.4	2.41	177.63	56.29	195.78	1.1	17.6	10.98	17.8	0.79	15.6	8780.9	125.36	4.43	1.55	10.4	142.54	280.99	26.32	20.46	256.36	312.11	14711.73	479.12	0.223556883	30.45	29.52	28.6	33.14	27.39	29.6	32.22	33.98	33.15	25.4	32.23	32.3	32.36	31.57	24.64	27.59	25.27	29.22	28.31	29.12	33.11	33.54
mouse35	35.DXN	m35	3.HFD-DXN	M	3.54	0.41	84.71	75.83	140.08	1	6	34.14	6.4	4.99	67.38	7026.39	217.78	37.42	3.28	635.04	85.21	225.11	660.65	15.82	203.9	431.15	14820.85	1553.91	0.313646983	30.55	29.44	28.36	33.61	29.43	29.61	31.28	32.92	32.61	26.36	34.42	33.8	31.98	34.75	25.53	29.35	24.59	30.59	28.66	31.45	33.16	36.48
mouse36	36.DXN	m36	3.HFD-DXN	M	13.06	5.96	152.38	78.98	101.59	1	19.6	13.24	19.1	20.6	148.66	6443.54	268.85	250.2	1.29	216.61	146.56	387.17	547.16	76.95	903.44	2151.65	26149.22	450.17	0.460460467	30.07	29.01	26.89	32.34	27.26	28.69	30.71	35.87	33.86	26.06	33.76	33.14	33.02	31.91	26.4	30.1	24.97	31.05	29.44	32.14	35.88	36.66
mouse37	37.TXN	m37	4.HFD-TXN	M	7.19	0.25	87.98	123.94	186.85	0.9	8.3	21.83	9.6	210.95	293.39	7135.54	462.24	953.19	5.98	113.8	136.95	431.58	706.75	75.97	1006.25	2708.39	29611.32	945.47	0.397063717	29.89	29.4	28.42	33.56	27.74	30.55	30.67	34.34	32.68	25.37	32.03	32.48	30.03	33.01	25.66	28.73	24.79	31.13	28.81	30.27	33.45	35.5
mouse38	38.TXN	m38	4.HFD-TXN	M	5.74	0.45	107.08	110.91	177.17	0.9	8.5	22.02	9.4	295.11	438.17	8337.08	142	1053.19	1.44	102.75	89.55	58.58	442.54	6.73	105	1304.75	18383.14	1294.26	0.413747083	30.24	28.87	27.95	32.88	27.3	29.36	29.78	34.27	33.3	25.19	30.36	33.4	32.2	34.44	24.54	27.58	24.53	29.32	28.17	29.13	32.35	35.35
mouse39	39.TXN	m39	4.HFD-TXN	M	10.65	0.86	108.78	102.69	212.93	1.1	16.4	12.76	16.9	NA	NA	NA	NA	NA	NA	NA	NA	NA	NA	NA	NA	NA	NA	NA	0.253586933	29.32	29.08	27.91	32.28	26.59	30.41	30.39	35.34	33.65	24.76	32.17	32.96	29.96	31.36	24.99	27.18	24.48	29.46	28.34	30.21	33.97	34.62
mouse40	40.TXN	m40	4.HFD-TXN	M	4.88	0.62	114.37	87.32	176.31	1	8.9	20.66	10	186.87	115.21	5655.57	145.93	662.99	3.95	370.56	89.23	79.66	1544.96	9.66	174.35	1007.19	12378.15	1214.12	0.490490467	29.78	29.19	28.55	32.96	29.05	30.28	31.05	34.61	33.32	25.31	32.52	33.15	30.71	33.09	24.54	27.34	24.65	29.3	28.43	28.44	33.34	34.1
mouse41	41.TXN	m41	4.HFD-TXN	M	2.41	0.1	110.82	50.9	148.88	1	4.8	35.66	5.3	216.87	272.64	510.62	149.55	1104.76	3.59	78.49	104.46	603.17	107.35	49.83	1153.7	833.85	12047.44	1326.33	0.293626967	29.79	28.65	27.9	32.36	28.63	28.17	32.38	33.31	32.77	27.15	34.3	34.05	34.32	34.21	24.43	27.1	24.84	28.74	28.28	27.23	31.85	34.25
mouse42	42.TXN	m42	4.HFD-TXN	M	4.24	0.27	102.64	97.48	133.62	0.8	7.1	26.35	7.7	167.79	697.75	5060.73	272.85	577.72	0.86	439.97	149.67	59.35	1066.99	23.52	640.5	1831.45	18256.7	1149.62	0.31698365	30.22	29.14	27.36	33.26	29.29	28.81	30.29	36.21	34.34	25.61	33.68	36.72	29.91	33.51	25.36	27.62	24.84	29.59	28.56	30.12	32.36	35.88
mouse43	43.TXN	m43	4.HFD-TXN	M	6.69	0.5	140.97	61.6	169.78	0.9	9.5	20.73	9.9	82.66	227.54	6626.57	131.17	975.3	1.67	49.81	73.27	165.36	194.81	11.2	108.56	952.48	13716.12	654.49	0.311978525	30.06	28.98	27.43	32.28	29.06	28.92	30.1	34.77	33.77	25.56	32.86	34.75	30.44	33.55	25.29	28.27	24.09	30.12	28.65	29.33	34.34	34.22
mouse44	44.TXN	m44	4.HFD-TXN	M	4.04	0.56	117.65	60.4	155.66	0.9	9.7	17.18	12.1	6.45	238.12	2193.38	91.59	96.55	6.91	363.62	183.39	102	509.37	90.57	1396.76	1950.71	21654.38	3327.81	0.296963633	30.65	30.1	28.9	34.2	30.59	30.74	32.35	35.05	34.3	26.42	33.17	33.3	33.2	32.78	25.71	29.53	24.57	30.49	28.83	29.05	34.34	34.86
mouse45	45.TXN	m45	4.HFD-TXN	M	7.06	0.45	132.58	61.06	151.99	0.9	8.1	21.7	8.7	39.96	666.7	3810.96	137.7	453.71	1.54	45.72	57.86	101.86	200.45	18.43	206.58	805.03	9078.96	1873.02	0.387053717	30.27	28.87	28.76	32.12	26.86	28.76	30.45	34.98	32.22	26.25	33.86	34.35	32.36	34.42	26.1	29.9	24	31.14	29.2	29.92	35.09	35.09
mouse46	46.TXN	m46	4.HFD-TXN	M	10.6	1.03	175.26	67.35	177.76	1	16	14.51	16.4	6.5	138.45	9090.85	93.39	39.71	1.31	436.96	218.07	311.46	576.26	39.97	624.66	1783.4	20949.95	522.35	0.325325333	30.95	30.77	30.44	34.85	28.96	30.41	35.57	35.71	33.98	26.18	32.97	33.2	33.49	32.17	25.8	29.04	24.31	30.49	28.64	29.3	32.79	36.34
mouse47	47.TXN	m47	4.HFD-TXN	M	6.79	0.34	105.19	49.63	146.24	0.8	9.4	23.28	10.7	6.12	393.85	13608.66	72.33	69.85	1.32	338.03	156.22	139.6	717.91	19.54	301.68	1531.45	28632.82	271.36	0.390390383	30.26	28.98	28.09	33.45	29.58	29.6	32.28	35.2	34.57	26.28	34.55	33.84	32.94	33.19	25.21	29.34	25.18	31.64	28.76	29.96	31.29	37.24