id	Diet	HDCA	DCA-iso	DCA	aMCA	CA	bMCA	TDCA	TDCA-iso	TUDCA	TDCA-iso2	TCA-iso	T-amCA	T-bmCA	T-wmCA	TCA
mouse01	1.HFD	378.2568349	52.80685211	1595.54188	112.4510482	1572.82169	1471.40809	734.37003	1984.94071	3450.79949	1527.44393	377.90709	1320.451	27128.132	484.3791	6736.919
mouse02	1.HFD	135.2227563	9.25797552	826.27266	71.0187723	64.35912	816.49746	108.45591	94.09354	542.90358	114.74156	117.6703	524.8422	6844.432	956.58062	357.6631
mouse03	1.HFD	177.8922802	17.0163337	937.31718	61.8021466	519.40333	742.51777	61.26489	106.5997	299.92681	80.41057	76.72625	378.1917	5822.164	307.62321	410.1968
mouse04	1.HFD	210.9532468	13.9869817	953.18839	99.8102142	293.38623	837.06343	113.79606	223.31025	706.74857	179.70983	230.92635	794.3163	9788.264	410.15179	750.2393
mouse05	1.HFD	124.3735041	9.53861983	688.21701	46.3752334	106.25347	397.68382	111.02631	103.90382	295.50013	126.01547	65.51691	220.5122	3169.465	370.72364	846.4094
mouse06	1.HFD	192.6219043	15.7658434	1111.90444	140.4979291	340.63912	1167.12406	259.46313	226.40525	414.51892	270.6378	175.09712	216.8719	9679.342	318.7613	1347.4891
mouse07	1.HFD	460.1727503	45.11056195	2425.69326	174.8096969	874.33985	1621.54781	210.50816	851.86185	2507.24063	793.97523	320.48205	1525.1086	20318.888	2304.89433	2450.2449
mouse08	1.HFD	295.1085371	33.22001872	1053.18558	125.7779671	438.16566	793.44264	102.74536	386.8799	442.53981	330.04783	134.76579	256.6853	11736.229	420.80036	491.0996
mouse09	1.HFD	190.9737087	20.12614801	939.58491	126.1891911	195.93628	815.93592	123.807	196.61383	396.50457	164.23336	169.39059	803.2725	10778.985	331.55565	277.6413
mouse10	1.HFD	222.5917479	25.31821891	1618.14657	130.101535	373.42546	1400.647	119.79659	496.72378	1232.69334	233.74705	188.30159	1502.1148	17873.652	1411.62463	1244.0058
mouse11	1.HFD	181.6210778	9.24218038	950.73326	93.5343805	421.6332	932.0131	98.17633	116.89238	315.1713	206.20312	108.79182	595.4551	5139.967	833.00931	795.6963
mouse12	1.HFD	285.5183201	9.7607375	820.00396	98.7253824	199.58555	981.70462	106.08459	186.29792	658.48056	271.21737	202.09906	836.4319	8943.702	2100.53336	833.784
mouse13	2.XN	243.4655217	18.7672424	1028.70018	79.9931169	434.07613	999.25065	114.20263	242.521	812.06776	394.92759	88.36059	467.8114	9046.712	334.52462	746.8148
mouse14	2.XN	301.7219119	10.68087899	1636.08875	115.8229954	409.70255	1268.221	304.18398	254.63947	460.31213	1383.64561	155.18491	893.6102	12539.141	2281.92531	777.3213
mouse15	2.XN	161.9216585	11.07874308	1140.11472	92.4091507	766.2938	1247.16257	301.61453	164.10932	581.01197	158.22391	165.11815	702.4399	10611.92	779.06743	926.3495
mouse16	2.XN	186.8661765	18.97719473	662.98802	42.7882407	115.20833	502.52065	370.55974	162.12759	1544.96419	915.67958	84.10687	464.1189	4700.874	385.1024	973.6249
mouse17	2.XN	143.0311248	12.15234844	845.75959	46.896508	406.23614	779.90623	114.93546	150.31944	401.29088	229.33572	63.29022	275.5666	4734.499	1318.09374	914.2834
mouse18	2.XN	316.522006	16.51441177	1358.78178	88.0622902	466.9441	669.10743	138.83472	180.96399	660.68421	560.2654	98.16445	759.5737	4904.634	817.93925	735.9242
mouse19	2.XN	102.9395451	4.73538409	566.52263	111.6111511	113.43046	769.12075	72.68548	87.60589	219.96884	1009.00481	155.92242	647.4733	4499.214	1836.06387	340.4904
mouse20	2.XN	216.8677949	8.27958707	1104.76286	115.6136366	272.6374	652.67828	78.48962	66.57371	107.34912	545.9659	94.81175	448.4275	2329.479	497.96289	444.4202
mouse21	2.XN	385.4705513	15.09914461	1320.21555	119.33851	199.09554	1670.15984	364.36407	246.35757	1294.86697	597.56437	189.38199	204.5713	10726.446	1069.38799	521.5178
mouse22	2.XN	171.5388516	4.03480119	787.94772	101.735522	304.00667	631.18128	224.99636	331.51656	369.03683	2859.3828	363.76527	929.0348	15729.217	519.65428	2082.5638
mouse23	2.XN	349.0179878	19.52786361	1539.51863	114.528859	408.69946	1187.21764	166.45861	186.65173	623.18842	861.12788	159.78041	854.8977	7254.302	2601.69874	458.7177
mouse24	2.XN	167.785852	8.94072144	577.71856	77.6100955	697.75074	530.12909	439.96584	362.06157	1066.99065	773.09768	250.53641	806.1901	10279.309	953.07661	3905.2105
mouse25	3.DXN	52.7960028	3.83137633	353.70803	45.1129991	442.84563	684.72375	164.88297	173.61578	393.10102	736.65995	312.11455	1770.9178	22405.208	1053.49136	3588.8239
mouse26	3.DXN	18.2353691	1.15678394	198.04768	33.6401583	358.10153	451.09509	150.35705	44.25086	325.21885	594.32721	269.32337	1050.6228	17179.954	486.00292	3596.2422
mouse27	3.DXN	35.485313	3.27131056	349.37425	53.9435409	83.79338	556.84567	228.95936	101.32356	228.26153	443.31247	187.06558	946.1516	9949.858	1365.70888	2327.0385
mouse28	3.DXN	82.6562748	8.50168984	975.29534	85.1696287	227.54132	502.59443	49.8132	103.58564	194.80951	40.33913	103.72962	744.4219	8605.697	1031.40847	322.9121
mouse29	3.DXN	117.4941165	13.66547166	1104.53872	64.8501267	1809.37459	960.07078	907.4358	866.04546	5125.02838	1408.99023	316.79618	1131.3917	25953.234	787.89401	10088.1083
mouse30	3.DXN	3.2764145	1.71571764	41.40073	6.8748148	343.9591	248.77039	489.59992	100.94521	519.70712	83.89885	246.24218	546.6312	29202.237	2211.80595	13912.751
mouse31	3.DXN	10.4059076	1.0012568	187.47125	34.0764864	177.66152	450.4877	129.37879	77.11868	109.18378	102.38169	120.05059	492.5932	13683.283	370.03465	2502.7479
mouse32	3.DXN	6.4525782	0.98725941	96.55424	14.3058696	238.11767	194.57676	363.62359	105.01663	509.36691	201.55698	334.60636	1319.8828	24581.392	1190.54981	8792.1398
mouse33	3.DXN	66.0798715	5.7939842	530.42203	69.3717319	182.31508	1060.94268	46.08763	155.03595	351.81911	284.03114	77.53472	1214.3142	16056.52	1148.08619	2834.792
mouse34	3.DXN	10.7367605	1.55007624	166.35807	20.463925	190.02159	256.35999	214.25037	142.53668	467.98432	280.98974	125.35959	312.1063	14711.732	479.12069	8780.8983
mouse35	3.DXN	12.9407121	3.27636272	163.21731	15.8193881	249.07828	203.90385	378.35167	85.2136	480.53869	225.11227	217.7796	431.1507	14820.847	1553.90619	7026.3936
mouse36	3.DXN	39.95519	1.29246125	453.70945	76.9541109	666.70176	903.43837	45.72136	146.55514	200.44701	387.17321	268.85455	2151.645	26149.222	450.17021	6443.5388
mouse37	4.TXN	45.0701117	5.97553746	501.75923	75.970824	571.35392	1006.24503	245.75391	136.95232	564.10092	431.57961	462.24336	2708.3911	29611.319	945.46946	7135.5399
mouse38	4.TXN	1.9954212	1.43922032	32.1946	6.7272497	81.78829	105.00304	899.53591	89.55355	861.85122	58.57791	142.00378	1304.7501	18383.136	1294.26147	8337.0778
mouse40	4.TXN	6.497689	3.94675421	39.70855	9.6559761	138.45084	174.3453	436.9634	89.23446	576.25781	79.65793	145.93446	1007.1855	12378.151	1214.12237	5655.5659
mouse41	4.TXN	141.423119	3.59446176	1128.02245	49.8281979	219.99449	1153.69601	56.78708	104.46073	283.77641	603.17329	149.54914	833.8526	12047.436	1326.33298	510.6167
mouse42	4.TXN	2.9909901	0.86029936	57.44126	23.522518	544.24389	640.50162	98.81873	149.67473	267.99276	59.35001	272.85248	1831.4489	18256.695	1149.61929	5060.7344
mouse43	4.TXN	4.9875574	1.67194775	37.42474	11.1954331	67.38191	108.56283	635.03903	73.26813	660.65174	165.36028	131.16812	952.4832	13716.118	654.48805	6626.5716
mouse44	4.TXN	55.9068314	6.90675744	664.26873	90.5716273	298.02144	1396.76159	147.84621	183.38987	314.68937	102.00231	91.59408	1950.7067	21654.375	3327.81385	2193.3808
mouse45	4.TXN	6.5789537	1.5415203	36.63005	18.4260617	110.50608	206.58447	178.75753	57.86467	272.07169	101.86265	137.70448	805.0339	9078.96	1873.0186	3810.955
mouse46	4.TXN	20.6049294	1.30572134	250.19844	39.9721784	148.66289	624.66471	216.61177	218.07352	547.16227	311.46255	93.39415	1783.404	20949.952	522.35389	9090.8472
mouse48	4.TXN	6.1166257	1.3235535	69.84796	19.5429793	393.84672	301.68075	338.0286	156.21944	717.90525	139.59841	72.32787	1531.4487	28632.817	271.35649	13608.6581